# Marker IDs can be arbitrary strings.
# Marker ID,	Time (in s)
4,	19.9210
6,	22.9113
4,	25.8790
0,	28.8720
6,	31.8653
2,	34.8573
2,	37.8470
0,	40.8350
8,	43.8217
4,	46.7893
8,	49.7787
2,	52.7690
6,	55.7370
0,	58.7270
6,	61.7170
0,	64.6817
4,	67.6460
0,	70.6140
4,	73.5817
4,	76.5497
2,	79.5397
8,	82.5060
0,	85.4740
6,	88.4667
2,	91.4347
6,	94.3950
2,	97.3453
8,	100.3100
2,	103.2777
0,	106.2707
4,	109.2640
2,	112.2317
6,	115.2240
0,	118.2150
6,	121.1813
8,	124.1487
2,	127.1390
0,	130.1293
8,	133.0937
6,	136.0757
8,	139.0657
2,	142.0460
4,	145.0313
4,	147.9980
4,	150.9623
8,	153.9547
8,	156.9223
0,	159.9123
6,	162.8983
8,	165.8913
