# Marker IDs can be arbitrary strings.
# Marker ID,	Time (in s)
8,	3.3310
2,	6.3210
8,	9.3143
8,	12.3073
8,	15.3007
2,	18.2937
8,	21.2820
2,	24.2720
2,	27.1323
0,	30.1243
6,	33.1113
4,	36.0790
2,	39.0723
6,	42.0657
4,	45.0557
8,	48.0487
4,	51.0420
8,	54.0320
0,	57.0250
4,	59.9927
0,	62.9603
0,	65.9507
6,	68.9150
6,	71.9083
8,	74.9010
2,	77.8577
0,	80.8477
8,	83.8410
0,	86.8307
4,	89.8240
0,	92.8140
4,	95.8040
0,	98.7973
4,	101.7903
4,	104.7473
2,	107.7403
6,	110.7333
6,	113.7013
0,	116.6917
6,	119.6817
6,	122.6463
4,	125.6363
8,	128.6010
2,	131.5667
2,	134.5313
6,	137.5253
6,	140.4920
0,	143.4567
2,	146.4487
4,	149.4387
