# Marker IDs can be arbitrary strings.
# Marker ID,	Time (in s)
2,	4.8390
4,	7.7437
8,	10.5833
2,	13.5753
0,	16.5430
8,	19.4540
6,	22.3537
8,	25.3277
0,	28.3167
6,	31.2463
0,	34.2253
8,	37.2103
8,	40.1727
6,	43.0603
6,	46.0533
2,	49.0433
2,	52.0237
0,	54.9787
2,	57.9263
6,	60.8600
0,	63.8520
0,	66.8450
0,	69.8083
2,	72.8013
8,	75.7913
4,	78.7213
4,	81.7090
8,	84.6673
4,	87.6237
4,	90.6027
2,	93.5873
6,	96.5757
6,	99.4350
6,	102.3993
0,	105.3007
8,	108.2913
4,	111.2297
4,	114.2197
8,	117.2097
6,	120.1187
0,	126.0037
2,	128.9847
4,	131.9533
8,	134.9463
4,	137.9180
2,	140.8440
6,	143.8373
0,	146.7850
2,	149.7783
