# Marker IDs can be arbitrary strings.
# Marker ID,	Time (in s)
0,	4.2980
6,	7.2910
0,	10.2843
8,	13.2743
8,	16.2623
6,	19.2527
2,	22.2203
8,	25.1903
6,	28.1580
4,	31.1223
6,	34.1157
0,	37.1057
0,	40.0990
0,	43.0890
4,	46.0450
4,	49.0380
2,	52.0313
2,	55.0080
2,	57.9980
2,	60.9910
0,	63.9847
2,	66.9773
4,	69.9440
6,	72.9363
6,	75.9193
6,	78.9097
8,	81.8443
2,	84.8343
8,	87.7987
6,	90.7920
8,	93.7850
6,	96.7527
8,	99.7460
4,	102.7137
0,	105.7037
6,	108.6400
4,	111.6077
0,	114.5977
4,	117.5623
2,	120.5523
4,	123.5457
8,	126.5357
2,	129.5003
4,	132.4650
4,	135.4327
0,	138.4247
8,	141.3837
8,	144.3770
0,	147.3690
2,	150.3357
