# Marker IDs can be arbitrary strings.
# Marker ID,	Time (in s)
4,	5.5797
4,	8.5740
4,	11.5383
0,	14.5307
8,	17.5233
2,	20.5167
6,	23.5087
6,	26.4763
4,	35.4300
8,	38.4230
6,	41.4160
0,	44.4057
0,	47.3977
8,	50.3657
2,	53.3300
2,	56.3223
6,	59.3163
8,	62.3083
6,	65.2727
0,	68.2660
4,	71.2560
4,	74.2460
2,	77.2390
2,	80.2290
8,	83.2190
8,	86.2123
6,	89.2043
4,	92.1943
2,	98.1517
2,	101.1193
0,	104.1123
6,	107.1023
0,	110.0667
6,	113.0600
6,	116.0500
0,	119.0430
2,	122.0330
2,	124.9977
6,	127.9620
8,	130.9553
4,	133.9453
4,	136.9097
0,	139.8997
8,	148.8277
0,	151.8177
