# Marker IDs can be arbitrary strings.
# Marker ID,	Time (in s)
4,	3.5773
8,	6.4847
2,	9.4307
4,	12.4110
2,	15.4043
0,	18.3523
4,	21.2867
6,	24.1853
4,	27.1500
6,	30.0907
8,	32.9427
4,	35.8793
8,	38.8617
6,	41.7683
0,	44.7360
4,	47.6857
0,	50.6363
0,	53.5550
4,	56.4810
2,	59.3867
0,	62.3140
4,	65.2940
6,	68.2407
2,	71.2300
8,	74.2000
2,	77.1647
0,	82.9410
2,	85.9233
4,	88.8593
6,	91.8503
0,	94.7830
4,	97.7463
8,	100.7017
8,	103.5810
2,	106.5727
6,	109.5090
2,	112.4110
0,	115.3627
6,	118.2970
8,	121.2253
0,	124.1700
2,	127.1623
6,	130.1563
8,	133.0313
6,	135.9767
0,	138.8890
2,	141.7920
6,	144.7630
8,	147.7307
