# Marker IDs can be arbitrary strings.
# Marker ID,	Time (in s)
6,	2.7643
6,	5.7587
0,	8.7517
2,	11.6357
6,	14.6003
0,	17.5670
0,	20.5600
4,	23.5533
6,	26.5063
8,	29.4963
0,	32.4863
0,	35.4787
8,	38.4640
0,	41.4570
2,	44.4470
6,	47.4147
2,	50.3793
8,	53.3693
8,	56.3593
8,	59.3527
8,	62.3427
8,	65.3197
2,	68.1950
6,	71.1880
4,	74.1780
4,	77.1710
4,	80.1380
0,	83.1287
4,	86.1197
2,	89.0863
2,	92.0790
8,	95.0727
6,	98.0627
4,	101.0553
2,	104.0480
4,	107.0410
2,	110.0057
4,	112.9957
0,	115.9637
6,	118.9510
4,	121.9443
6,	124.9333
0,	127.9273
0,	130.9207
2,	133.8853
6,	136.8530
8,	139.8430
8,	142.8350
2,	145.8283
4,	148.8183
