# Marker IDs can be arbitrary strings.
# Marker ID,	Time (in s)
6,	2.5393
8,	5.5057
4,	8.4703
0,	11.4437
2,	14.4113
8,	17.4043
6,	20.3977
8,	23.3910
8,	26.3773
4,	29.3430
0,	32.3213
2,	35.3090
4,	38.2410
6,	41.2057
2,	44.1733
6,	47.1657
8,	50.1180
0,	53.1110
2,	56.0867
0,	59.0543
6,	62.0443
6,	65.0123
0,	68.0023
6,	70.9923
0,	73.9823
4,	76.9443
8,	79.9080
4,	82.8713
8,	85.8647
0,	88.8323
4,	91.8257
6,	94.8133
6,	97.8030
0,	100.7897
2,	103.7573
2,	106.7507
0,	109.7427
2,	112.7347
4,	115.6993
8,	118.6893
0,	121.6823
4,	124.6723
4,	127.6400
4,	130.6330
2,	133.6263
2,	136.6060
6,	139.5963
2,	142.5863
8,	145.5763
8,	148.5240
