# Marker IDs can be arbitrary strings.
# Marker ID,	Time (in s)
6,	17.4883
8,	20.4530
8,	23.4447
6,	26.4380
6,	29.2250
2,	32.1927
2,	35.1857
6,	38.1757
4,	41.1657
4,	44.1557
2,	47.1490
0,	50.1133
2,	53.1063
8,	56.0710
6,	59.0610
4,	62.0540
2,	65.0220
0,	68.0150
6,	70.9793
6,	73.9727
8,	76.9657
0,	79.9557
4,	82.9233
0,	85.9153
2,	88.9053
4,	91.8983
2,	94.8917
4,	97.8817
4,	100.8493
8,	103.8393
8,	106.8070
6,	109.7747
8,	112.7413
2,	115.7313
2,	118.7243
2,	121.7173
6,	124.7093
8,	127.6993
8,	130.6927
4,	133.6570
0,	136.6473
4,	139.6393
0,	142.6037
0,	145.5713
0,	148.5390
0,	151.5290
0,	154.4933
4,	157.4867
8,	160.4797
6,	163.4727
